# Created by Octave 3.6.3, Wed Dec 19 21:37:59 2012 CET <lutz@Grisu>
# name: ionDigitsWeightsBatch
# type: cell
# rows: 1
# columns: 2
# name: <cell-element>
# type: matrix
# rows: 35
# columns: 35
 -0.4370721107016411 0.9289765220459109 -0.154318743541907 0.1257126129818057 0.1217608388198626 -0.321950591602478 0.1199379360451864 0.8245381400035898 0.7365725580132672 0.07745383500508569 0.1450700959735482 -0.4697929343536104 -0.2058833842217265 0.09650632091918894 -0.5732291741857545 -0.1224590945046836 -0.3080200628137597 0.2440356398517651 0.6907697345853399 -0.4295450066369598 0.002161401169653591 0.3367939187913094 0.3434312551128866 -0.3757479104455875 0.1925887001918297 -0.4200495673683385 -0.3162786713293733 0.4812961450485095 -0.09352567881243601 0.358098497741211 0.3720988905321629 -0.4640931033762073 -0.3517510099055309 -0.01135601047208096 0.6874918742486736
 -0.4194563563659877 -0.1854637176254312 -0.1045494205518989 0.01702859324815666 -0.2812597684163942 0.1188738940528431 -0.2443622941953042 -0.1231138990192183 -0.2569504952630986 0.5959949407279916 0.1106467180880671 0.07731465903756728 0.07450551511423428 -0.04744170755496829 0.1135431456542449 -0.1821084285113197 0.004295897190081225 0.4775681362101274 0.1431662701729331 -0.1579940230607548 -0.3670611760888797 -0.2473267357271995 -0.3137313093409653 0.1791606536120091 -0.1307204223792414 0.06598793097896753 -0.2476731056047483 -0.4385820368284632 0.419681966706847 -0.2477621920017852 -0.1214265331388481 0.05951637186164824 0.3243583796382419 0.03443441717618644 -0.02621517630925068
 0.0724782766837517 0.4202704551926728 -0.2146349117521256 0.3118392346111428 0.08800814838382368 0.02966459533973753 -0.534854667196909 -0.04731916233142443 0.3654530537664817 0.5536202193310771 -0.1940287546545787 -0.05787131805047856 -0.3443750418009395 -0.04468093348067093 0.03205698107427919 -0.2334114209340324 0.04648873442969086 -0.2582508212334282 0.3506196280535014 -0.4434458059005858 -0.4909951209769086 0.2412606349352546 0.02622547409206024 -0.03115562129214904 -0.175493713577105 -0.1230984618734706 0.2802598728012397 0.0371137592896568 0.12992263175781 0.5462644345370892 0.2361976032516473 0.004207388269687955 0.111518786651257 0.4382227520516697 -0.2809363510787238
 0.2426963289905841 0.5902751189626011 0.03072565121966523 -0.1030525265364518 -0.2888219778404222 -0.4041657874960211 0.3364212272340178 0.1773726358740445 0.4026083673674241 0.2619235720283463 -0.4952913753875329 -0.5543435695602489 -0.5503593340980385 -0.5849103837605629 -0.0886025754557058 -0.3317151294925606 -0.6582800799541835 0.04566394047863762 0.09806704776711875 0.2913820728700453 -0.3006428586498959 -0.05776816151701596 -0.3136053558764779 -0.7047267794613995 -0.2732310474914076 0.1704976771974275 0.3377225101628109 0.5748922157827545 -0.404943146628563 -0.5151442668306955 0.57302804412908 -0.4475469168343962 -0.3726882664280339 -0.6189634029930247 0.2953819495942822
 -0.09006978442909398 -0.4441784230797587 -0.3520612438526665 -0.3414202513658889 0.05017954922650615 0.4896126305017263 -0.2741181503546946 -0.796215394112036 -0.2453971854254102 -0.3433586089847339 0.3014587463027917 0.5281844043709942 0.03489559502148668 0.3907411897944558 -0.2626555679316128 -0.02106379037135302 0.438592318006841 0.3358116567756896 -0.2918991420842247 -0.05222816661461325 0.1616404022166552 -0.6274869195420038 0.366193820794126 0.5890724881566908 0.4266566047825872 0.06756336548088628 0.3651993091978686 0.1470167596198354 -0.02313782826875032 0.5003263349535768 -0.5024901741149949 0.604724418284124 -0.4229068945331708 0.3550250718640612 -0.3115892211216252
 0.5411822393326529 0.5287282370927973 0.1340201009393328 0.33842951411166 -0.2611489906881774 0.4045610976825208 0.1135557345826681 0.002452337139681128 0.5630317795600212 -0.4400873238714681 -0.4247722044615445 0.4615585313126061 0.3854623339703819 0.3393313257666034 -0.5578265038017289 0.2810262204052291 0.5822956414715413 0.06035770517390543 0.5134239892225436 0.4142641260104755 -0.1278133511079261 -0.5037975145622959 0.3160784058034246 0.09426385775251511 0.3678659304938132 -0.09344908067774381 -0.06080773728440024 0.5109040151820663 -0.1522164062126964 0.3896583854730036 -0.02144502515882464 0.3399682475566072 -0.1258935448610694 0.1231335101256916 -0.6283466120765978
 0.1040337243421574 -0.5360812789076899 -0.4217391027925464 0.5213686153606943 0.3765011385012945 0.4318788251685278 -0.5394895271789778 0.2697672288629012 -0.5009925941645326 0.2723102103723249 0.3268886075944786 0.08868718516117038 0.2569664164933591 -0.2583761830916774 0.09446658015869099 -0.01833483449150223 -0.2564005812659877 -0.2432310416628433 -0.1172991596540032 0.4147147931576784 -0.08604278182245995 0.4144063669625711 -0.4054980363996674 -0.405471270416688 0.2886918651567322 -0.2893380884649481 0.172186380131879 0.3704717118722194 0.06467515313554803 -0.05812032280441318 0.3464352103410737 0.4510089359940229 0.2016309561490859 -0.1917419579952015 0.3988431395682998
 -0.3589244425986515 -0.4414319176581549 -0.3767699996544022 -0.4229489862624613 -0.2464877567311333 0.1947633080745555 0.2117758005032497 -0.5550241772056407 0.4831866848722069 -0.2884565869176208 -0.3704589203966095 0.1374964262424833 0.327006920650259 -0.08264067846061356 -0.5095339061583527 0.4740333636129413 -0.06715053290371564 0.3163400741429943 0.2903781113381772 -0.4181507696674488 0.4397842731546366 -0.1382808035334168 0.2261068692914599 -0.1106466261770083 0.04383070204222885 -0.1734618788485505 0.2479242857687974 0.4777022122924493 -0.1288264202200998 -0.3299822258522788 0.5206845627028444 0.1331191821683855 -0.2460386754407991 -0.4488228424950102 0.04784864853798866
 0.3746532598475609 -0.7231474511755712 -0.06564908997872079 0.2992585878035497 -0.4809412331658226 0.3804446060653506 0.08935653233984034 -0.5395830186504763 0.2962831282631784 -0.4100358569480957 0.5269350928522908 0.6579995688531763 -0.3159992773792794 -0.02680912621844467 0.4765513886207334 -0.2927391238087749 -0.1036325667561512 -0.1750113214625983 0.3428070053104053 0.4141477013188526 -0.2231257796325948 0.3356882386703554 -0.2225580708319945 0.2038073128061379 -0.07577670597838049 0.5362370184679356 -0.1632051464446329 0.2261584674395357 0.09451706293475295 0.1671094325583479 -0.1163291197425528 0.5140959340897918 0.144049540373027 0.4805358977013469 -0.4760374738944105
 0.1893699891126626 0.2869259860132153 -0.104824381132314 0.4762171042407383 -0.5047992972714681 0.3811272963513643 -0.2001786688851076 0.5749423144670947 -0.3680059517137123 -0.4028928297903898 -0.09159681261471737 -0.03049745466383125 0.1091982024703964 -0.3093893869021269 -0.2098118403133334 -0.2982205604489493 -0.3464368797553094 0.4109780677999755 -0.4585821276858398 0.246115588502579 -0.2298724191476939 0.1376333471467778 0.3642246992771146 0.02290322209489225 0.2537345382826121 -0.315246466060034 0.4373281290107299 0.3688671223184924 0.1550890555489934 -0.2919399788233642 -0.4966781841871719 0.2700336657429413 0.3113514245786351 -0.2544645595335849 0.02361793163074507
 -0.02315069022065585 0.8205697999718411 -0.01900433966977466 -0.4190115708017648 0.09855756460247891 -0.5060660434218184 0.1392790166670614 0.7043302740139532 0.730569873994383 -0.351522358334355 -0.1201865059080688 -0.514841952856358 -0.7556078079730649 -0.2347808199572523 -0.1673615097867169 -0.20790487881915 -0.5417298371685961 -0.2348472881338132 0.18545399346658 -0.1391015414040371 -0.3354365835696342 -0.07842484296807543 -0.5004587866120286 -0.5887903461614404 -0.1732569914127033 -0.51959378122635 -0.07420770843263307 0.01530349081042656 0.0832961107728762 -0.3526524390965787 0.5775620512865219 0.2390610444029863 -0.4458589963425287 0.2049613220252408 0.7479408451787285
