# Created by Octave 3.6.3, Wed Dec 19 21:37:51 2012 CET <lutz@Grisu>
# name: ionDigitsWeightsOnline
# type: cell
# rows: 1
# columns: 2
# name: <cell-element>
# type: matrix
# rows: 35
# columns: 35
 0.2562104446531784 0.2520617229442444 0.271609389988185 -0.5643629366831227 -0.2289129839842935 -0.09602504424956172 -0.3077476780685798 -0.345538585963448 0.02789989441529641 0.3994321006039544 -0.07210172128467671 -0.203572011693516 0.3514700825727832 -0.3582942180915336 -0.3591658716909975 -0.4336263789398038 -0.5600356443137845 -0.4592346998939941 0.1314359420059975 0.3777040332336047 0.270065304686809 -0.0966420953671196 0.03523053937928243 -0.2008204673763032 0.06450693274624944 -0.3577110224283055 0.1066195760082975 0.08181187266949634 -0.2771334075216562 0.03896038679410226 0.2791069467994794 0.3987659604952904 -0.1387321553998893 -0.5663127921244808 0.2976496271784388
 -0.1308285374648366 0.4727120637832894 0.1841295313107255 0.2717776090719307 0.1132128796440777 -0.130438791940901 -0.1139297477923817 -0.483050687043902 0.4042846663320053 -0.247104079657286 0.40022027385042 0.005911611372171561 -0.1330127156475328 0.1129111021832227 -0.5021284667383087 0.09572577287460182 0.2860712095662436 0.08555610148597745 0.2377303393613373 0.3361455385767055 -0.1564063608184314 0.1410407482608931 0.6138995691139658 0.004000496540041931 0.08846009652755342 0.0802139771751478 0.2893518071526515 -0.05586240274276488 -0.2942879489531166 0.07212027521895319 -0.2667924959097632 -0.2520982728720128 -0.1112677176991861 -0.5093638755146382 -0.5822730717982088
 -0.3507557037974579 -0.0462245303261811 0.2515288988167217 -0.3297239400490672 0.4158544436780643 0.2067624083824898 0.100523542306736 0.4051029863023401 0.6086324947161331 0.2890177697831947 0.4168163726601379 0.3221385171730829 0.2935052146566808 0.4574098631504424 0.2347296781637466 -0.3506059482528613 0.07886865414247937 -0.3321546402482249 0.00737716776093931 0.03484112741579225 0.4294637251889855 0.08600222343326618 0.162345336263846 0.4452802437688662 0.1696581817458804 -0.1580847884362742 0.2290697841168239 0.3898882582348805 0.3269810139131558 0.3269591207592371 0.3213045835368176 -0.3250315015455403 0.1384697341073607 0.3232125629801882 -0.1559422570444286
 0.08211718185351817 0.2167185204997162 0.02336737404196018 -0.5806818299873663 0.4689096772177091 0.2324331462762082 -0.3598687979998149 0.2637342295644694 -0.2219431092354585 1.423427102316094 0.2488126133419439 0.6493146414478655 0.7408646000627046 -0.4850270940208795 -0.05814784523857536 -1.115892482945688 0.3460095772035913 0.02733208240078028 0.4660576116751307 0.3346129025722814 0.6036126796682957 0.6866605047334041 0.2236885106557529 0.3085262047089237 0.4030535475045857 0.2161167235944292 -0.3242434163298136 -0.2345154229966937 -0.04072145013276489 -0.2571086884470143 0.3188062204192155 0.3767515535387368 -0.4598551401788101 -0.4079863777684127 0.3764518689863928
 -0.1863972740354362 0.3659495023834775 -0.1495545087744123 0.2428014395362132 -0.04656284501133182 -0.07004597593898047 0.6019916574483712 -0.4076810352906695 0.6515664275101776 -0.698323073320909 0.1781324424095566 -0.2137903761647641 -0.4864220195655179 0.6389982645653215 -0.4707625340531759 0.3747824025931308 0.3661175828089819 -0.3444474023304119 -0.5059717394673428 -0.1734587960622175 -0.3563855330077071 0.1274522607447857 -0.3624151330341174 -0.1754463715036005 -0.1991011670046596 0.1951211876270136 0.2840059435218591 0.4381882067844747 0.1843078137625916 -0.2751869133405994 0.1567651830223332 -0.4348064418768084 0.5012177303977478 0.3308284531732882 0.1790992705849881
 0.4626456867509114 -0.3348925779528992 -0.1755846340725716 0.1432955380028443 0.09762934266329271 -0.534994130204408 -0.08812289731700322 0.06465612484359098 -0.1772804472389884 0.1318871170485032 -0.4695151766592499 0.2231361390054471 -0.01902854402758472 0.4270191875435129 -0.3580255800686047 0.398854394680792 0.3724630373945201 -0.009616592965778737 0.3927812315271942 0.3217550519541854 0.218298566816545 -0.5208135650673247 -0.03418865372939725 0.3880545612266841 -0.3742359716038514 0.0129502739194538 -0.170451966537457 -0.3205932636345877 0.02142210834828717 0.4789665007495068 -0.05777388991573826 -0.2776221565337318 0.004802993047437903 -0.4425187450167907 0.03288619425103004
 -0.3170991700989724 -0.4044617925797105 -0.3264159567649891 -0.1059534590342626 0.2546686133358712 0.4393933874712281 -0.01714417050442001 -0.434199386161584 -0.06447803631008024 -0.1355363782016124 0.1724364258806098 -0.2350248913010892 0.0317696539995907 -0.1926794580912282 0.04418743173218516 -0.05255488550579412 -0.1467314845735266 0.02808951605394964 0.4523408110785075 0.1493733755747327 0.0546916145992464 0.1881616502499498 -0.1610648739967043 0.442093363029799 -0.09742179336163341 -0.2692142011333066 -0.1085241976874171 0.1627737510776305 -0.3920104569282452 -0.1136120245269354 0.1811117697805592 -0.4857736417099303 -0.07000039851178343 0.4819423705945004 -0.09185503895053547
 0.4296257536331463 0.008270775883758134 0.2563868162289545 -0.1798996732896031 -0.4770974923079707 0.2067032293815023 0.3099667617196928 -0.2319103946237616 0.01287080570032226 -0.1989104510701268 -0.3067883343820523 0.2799123725516893 0.00337990062608764 0.1491892557941165 -0.01047730561382491 -0.2063457473640161 0.130032996621819 -0.006597869500953505 -0.3419733702713127 -0.09910145337607341 0.1029219262268641 -0.3924158255309625 -0.1169282589826574 -0.08014317336003539 -0.3926783553461444 0.4157491086355815 -0.01738778651338034 -0.3234538706859592 0.1922594884755324 0.4607358550998695 -0.2218523793981282 0.3717825288128671 -0.4098481300268671 -0.03824185656392313 -0.1999153285997257
 -0.0792521520155355 -0.07068185763288068 -0.2887192030479392 0.3624579076277295 0.3832379493248581 0.1316204860541295 0.398046687817188 -0.4919185216442795 -0.1299308251262213 -0.7370384450928064 -0.25389907453111 -0.006189020254076179 -0.4407887811614645 -0.2674089693617656 -0.2800311924364039 -0.0783695735709871 0.2938083645129103 -0.1208398880403402 -0.1676589093647781 -0.4340477605542505 0.3726439741647065 -0.2452821408696138 0.1897101976870578 -0.006440166941407279 -0.3057312504846985 -0.4125544416812144 -0.03092905311573121 0.5197009792206962 -0.1303462977464707 -0.1841114328074659 -0.2287028089212383 -0.2556448632913852 0.4083692279939858 0.1443180740669825 -0.12821016000728
 -0.2410707909026636 -0.1728763186881401 0.3099082793874977 0.5640159011103605 -0.4180195344061514 -0.4043750451047808 0.3361538390366379 -0.4895782551291751 -0.3087985029911613 -0.3032111976406008 -0.0537968386641114 -0.2599603738577695 -0.2644134082427095 -0.2844942939236476 -0.1744156633504066 -0.2041365017333285 0.16141677966343 -0.1139380743599236 -0.2348707828424137 0.3666113148970481 -0.4636227861839706 -0.5107887301425278 0.02519702403311552 -0.2299813230562493 0.09566858600236906 0.1627697105998151 -0.299548279128298 0.0183979459469648 0.2658330663736012 -0.3166065831609252 0.05701403176650755 -0.1381414339884669 0.2587822504454578 -0.3859962779066093 -0.4196064199705555
 -0.2761536383936102 -0.4442758928018917 -0.1865111539926992 -0.6467540662705826 0.246184928735183 -0.1389909085431429 -0.3297425785517289 -0.294397558438471 -0.5911254973002935 0.3088168353335541 -0.3618009343635791 -0.245873216965164 0.220578097048949 -0.5835278560345502 0.06543854033341814 -0.3173961330590682 -0.3715208439638981 -0.2680290673596381 -0.3196287295765676 -0.3641324982961177 0.1122351501142939 -0.09210220110630636 0.1510895188281529 -0.2907969724033241 0.02123987276285551 -0.2185609141799902 0.1352166771522947 -0.02139666182646535 -0.3884529950618075 -0.1514087991910936 -0.02678166697632649 0.1732081583900067 0.003552962910243294 0.1265220633063639 0.2004332393994769
