# Created by Octave 3.6.3, Wed Dec 19 21:39:41 2012 CET <lutz@Grisu>
# name: penDigitsWeightsBatch
# type: cell
# rows: 1
# columns: 2
# name: <cell-element>
# type: matrix
# rows: 15
# columns: 35
 0.2656681474107218 0.4653898792869976 -0.2738136391451142 0.3586751591557076 0.3256151168425002 -0.1232157198572052 0.3067320351953227 0.3535307198388997 0.330610859336095 0.1640976906776906 0.4578412401219869 -0.3336076590852133 -0.3336057357170989 -0.06166292323729951 -0.5532314992270135 0.07639945079403544 -0.2245767317975691 -0.4159163519298705 0.1397643365366307 0.3611237952582798 -0.1873850802842535 0.1503811448836379 0.2181505004614876 -0.1423093989335182 0.0195586873043018 0.1879357959480641 -0.04300096561902662 -0.2922689024850729 -0.2209438013987469 0.2832607124698944 0.2926525551716131 0.3177369240442087 -0.4912051534623587 0.3349451178256996 0.3579005179900721
 -0.04303600032835073 0.629208312022448 1.244418744991095 0.5935547227257124 0.4340454823934838 -0.5077973748747507 1.361554880499238 -1.05956104849224 -0.5539492406217416 -1.327126846061076 1.21821009686765 -0.076328857306406 0.1773837653708037 1.265124779489122 -1.805385777963833 -1.865862185807536 -0.1922503609100132 -0.3012984070411175 1.045166883350721 0.2874524970930082 -0.9011147357335155 1.062871010567898 0.3008770951553504 -0.08164875665284205 0.1200401116938929 0.03719745686291526 0.8971775548368413 0.2360337959129472 -0.1448230793147089 -1.125015161992523 -0.1260668923801539 0.4219197269424944 -0.8465460418913385 -0.9255603187240012 0.6036783611697227
 0.3458793731599847 0.7293106665773034 0.436769100584631 0.2502594191347211 -0.3971029464023683 -1.359702802467618 0.990934311399425 0.1933236199114453 -0.2279204422197139 0.125670008998231 0.2537063136590249 -1.45386172631248 0.9410565049828337 -1.028529077745035 -0.7769321375834082 -0.2477772335253669 0.5606857201044877 1.435214209033224 -0.6917977070653937 0.8256008451976963 0.4930252799623562 -0.9209751354828295 -0.7048817065015679 -0.04770881298027174 -0.3914258742552147 -1.399979623206423 -0.1882998751206696 1.969328296011059 -0.7468166404975987 0.7332020479819329 -1.082511387471516 0.6750144740124941 0.54663147945663 -0.4826283539212927 -0.148699844604703
 1.137399891168438 -0.7201249407453343 -0.01925146097631992 -0.9942500383194477 -0.5550890796625441 0.893742626763302 -1.099919658521173 -0.1955804992381137 0.005937468988465842 1.666168043517144 0.2757593788100253 1.163131805347054 0.7764965315865568 0.8677048783887759 0.1516449462760767 0.4006304722673816 -0.4963221137043476 -0.6781171284022777 0.8711762124384737 0.8369080255042006 0.235650413399319 -0.4328565068337382 -1.16757876599974 0.9481085932490714 1.039566075454222 0.8965017991491996 -0.361903091269224 0.5392293602861659 -0.6983347559985734 -0.6884952718020713 -1.353348488257633 -0.1438080429424785 -0.5747475248414278 -0.3809373819606211 -0.8492179830433928
 -0.1560340653104621 -0.2239739728195256 0.947118261937036 0.9995274749752264 -0.7445831241020958 0.09714640331989395 0.8975130534301901 -0.7210676442952851 1.166698343141606 -0.5876364578055683 1.543878850753877 0.2176925060243435 -0.1867143829966533 0.3446814084088162 -1.254589064204859 -0.3859744707990886 -0.6363184972671985 1.023644026917207 0.4215071405516561 -0.5639981961797251 0.645731705095544 1.325127715001027 0.2202101747995487 -0.7233328815449932 0.04757020257411969 -1.1324087713524 0.2618262452698466 0.3824292425154401 -0.14562304430167 -1.035337246049645 -1.486501306338616 -1.079184388000386 -0.1169671501822413 0.4087470049687046 0.3281374217535999
 -0.03021925232293605 -0.6225724515241599 -0.6628627592282702 -0.5779055106855991 -0.1466207056972578 1.032704066025445 0.01945484684652731 0.5106889838111945 1.28780660458932 0.04641431384298252 -0.04791372093926044 -0.2590584864767808 -0.04306425593281399 0.2086253514199364 -0.5973624288867567 0.2766757369728071 0.9714305573486965 0.09306660996522975 0.02972371498274768 -0.6289878408445604 -0.3204076658018773 0.4873095497008849 -0.115537993505687 -0.5926483524200236 -0.7913583332994645 -0.925963774177042 -0.1012906668927414 0.295097823683764 -0.3232602100739206 -0.416735076773502 0.1934047890222184 -0.6066445658547707 0.006914521449761147 0.5709270236718407 0.156435721367682
 -0.6793014194957095 -1.493368924895677 -0.3621049924995909 -1.049165290909652 1.19807523218126 0.8805948718404081 -0.4263577022084601 1.390238525811619 0.4555732093640962 -0.2472012609794908 -1.405787953499819 -1.230641786033381 -0.3866761844586176 0.0382995739065009 -0.1472529910314119 0.6776205254457308 -0.4357783399161601 -0.9246157709735583 1.118027916851663 -0.9826203786113386 -0.6476067395065762 -0.2151894636696486 1.244399761785117 -1.060548638983911 -1.020226278947135 -1.18917403951545 -1.208833570787401 0.4808590529134116 0.6642988826653601 -0.6781143698049501 -0.273937570877579 0.257364687767756 -0.6375908034591604 0.2167557456929942 1.023080065575938
 -0.09982997230566661 -0.9253136565058847 0.1168043208715342 1.134043906621201 0.5305219812801305 -0.3378437319827733 0.662620835908921 -1.054346622426167 0.02328441936044352 -0.2722986968947591 -0.3969005498965956 1.075765491118154 -1.190421699107974 -1.026487257924717 -0.8479676075069033 -0.4761775906949495 -0.5740664704905607 0.3384236717812913 0.470411303907015 -0.653296469144319 0.6774351922857687 -0.245468002238982 -0.1994426389427999 -1.028224623196466 0.4444649148458105 -0.7340611717943148 -0.2774033394291565 -1.267432021577633 0.9836455219015579 -1.046706353927477 1.222319360476913 -0.1825510253853765 -0.4607130121104908 0.4136379143179503 0.6494211951351393
 0.09496543272384349 -0.007357331883917332 -0.09895854710610437 0.4215033724093069 0.1145646574187475 -0.3531507989667783 -1.954451983613852 0.3821039362201001 -0.8046634438170008 -0.8016308672215826 -0.4688154120217077 -0.6066998613636407 0.5091286977782973 0.5984764989037574 0.1434536036498309 -0.2742043656695847 -0.1691906180218736 -0.6883647866024675 -0.2642682596548366 0.8233427472259826 -0.606226992134601 0.4015693876381809 0.8234877815687013 0.1645717388714983 1.239437264038596 -0.2953471752189509 0.09729739003221438 0.5874763732323052 -0.2598495844715374 0.2381454071287101 0.4367851342702705 -0.4091977022294089 0.246036604380603 0.3751270250749334 0.2832336784729107
 -0.3505636254918048 -1.264041775594907 1.284894227045575 1.08216364947429 0.4758054939274071 -1.550157072442095 -1.917615117750435 -0.2141812570493045 0.1336267764452898 -1.293778480662271 -0.8290774380113101 0.6922576060886055 0.1339129158243343 -0.4940597799258867 -0.2006371282663502 -0.6785397140846902 -0.5800873748959844 -0.171330221219175 0.822761653259401 0.6325281839049387 -0.2010333412339222 -1.054555855110004 0.9847759816040071 -0.01418394239784547 2.02861588088585 -0.6110958164461805 -0.6030185046318264 -0.4280965473042121 0.3691071368206654 -0.6269144266009677 -0.7566300928006737 -0.8343383036389899 -0.7983977819986261 0.7903462906550267 0.7882900374443603
 -0.4984419219382925 -1.098113663004715 0.03778593050835706 0.2190036905593994 -0.4657321824811883 -0.2559969461584161 -0.5796237240151224 2.002141582460391 -0.05534369738888808 -0.5597136228734223 0.3309226043272318 0.8161685719887145 -0.1767024133203405 -0.1191910317404195 -0.4871073264602624 1.536855349664781 -1.365304792949014 -0.08071230941362209 0.3209247213520683 -0.3507125849437625 0.523119653987436 -0.4775079118676165 0.3675669027360336 -0.2018102849270005 -0.4611207877151025 0.6123797842921891 -1.755273663875477 0.1809298948750565 -0.1762989053633119 0.3222445761239099 -0.8874442016662105 -0.92538943040045 -0.6478531703836928 0.3344494731738237 1.605607709019937
