# Created by Octave 3.6.3, Wed Dec 19 21:38:47 2012 CET <lutz@Grisu>
# name: penDigitsWeightsOnline
# type: cell
# rows: 1
# columns: 2
# name: <cell-element>
# type: matrix
# rows: 15
# columns: 35
 -0.3130327326171699 -0.4376001325292096 -0.1686873445409498 -0.01765917746475104 -0.02020515605008952 -0.03418394498566454 -0.3238409628427581 0.5184778804863543 -0.3842514339063264 0.4163025976963047 -0.350702722434009 0.4105413406778248 -0.4547161262312889 0.0474543048391487 0.5012067340348608 -0.3589200300922942 0.1738601555035073 0.4273543477380479 0.4873546416039616 -0.03535620755787689 -0.1995911691251672 0.02207560291014766 0.2051595447307581 -0.2333868066548979 0.120500904210317 -0.4882849355043231 -0.1832367513762106 0.2901838217255981 -0.09803003316726243 0.420722745565432 -0.2314977281927517 0.4786026060091763 -0.4173293524294274 -0.1767630412418778 0.240828309543983
 -1.296081965279408 0.3702560803456198 0.9185328233989903 -0.8719693461299712 -0.5733764976542695 -0.4788816081051885 1.241805648643088 1.169233160507989 -0.5370501382652434 0.4426136022298794 0.8250432150126281 -0.5687334602446148 0.325067751784113 -1.60795975970196 0.706135682430146 1.342491727320444 -0.5517253412840353 0.8606508916254575 0.155154949144944 0.3903355341052273 -0.8710519592226457 -1.224222311934934 0.6646604400162257 1.082420076864542 -0.9192757506224051 0.6018069869689008 0.6551535573046063 0.3560369129418976 -0.661955351044785 1.270927634256858 0.615117810781507 0.894544774361108 -0.5569264796585079 -0.9025418096650357 0.3221009497066927
 -0.5641487526773786 -1.119323927688924 -0.633648875044361 0.7142039981859282 -0.4752376664067346 0.6176918408811423 -0.1260739358507895 -0.001006686624490033 -1.434510449591608 0.005536012231606995 -0.3149376803555873 -0.8901548641229369 0.9328706090507898 -0.06841282620995848 0.3749186816371423 1.205000591035035 -0.8701941967004562 -0.7090005516984416 1.906302305058755 -0.1322168265054153 0.938446378282178 0.133588203656602 0.5779415499247833 -0.636472626444216 -0.156112904528747 -0.45508298083811 -0.8349828723523456 0.2850611283983131 -1.169257175336051 0.4779045610865289 1.607738942193609 -0.6005459710503264 0.7573865690216354 0.4832243263794411 0.07559467431802097
 -0.265617798904156 0.999227864938154 0.4776834113645705 -0.0919935164825002 -0.5630262332562714 0.2890812914546526 -1.056601936790762 -1.00281333575846 0.9975187392983373 0.03016140955288091 -0.1881459189865785 -0.8164283748477299 0.6340134026180296 0.241305336659766 -0.704722571933873 -0.6438999663860238 -1.269976782001594 0.3281529677034835 -0.6942331134866397 0.7095995011246712 -0.2406486601937994 0.4917367543386738 -0.9391590564497488 0.05691458739019243 -0.9394240282743344 0.644388781744541 -1.245287279782259 -1.573218946623095 1.019826406011073 -0.02490882897361156 0.9850797040203326 -0.7226106076587018 -0.1147996170258244 -0.7857921868551085 -0.03971796926867455
 -1.554903809663918 0.3096338982547419 0.6432670043375124 1.591520239103646 -0.01473885421971353 -1.407114940748957 0.2345763048742901 1.235076497172999 -0.7877429395504041 0.6184555737072936 -0.1607886464739554 -1.334395910790139 -0.7087502648230321 -0.3424103697369622 0.3641173826857395 0.7378211030043681 -0.432119554571113 -0.04181199046999073 0.3285333701496665 -1.001434538627093 -0.07722643264576753 -0.889740120171376 0.5060309673045654 0.1539497362493427 0.49903845222257 1.192926771954059 -0.8884285856052122 -0.2533464900683092 -0.4178134862840768 1.00575178221251 0.7728300116595821 0.6548154442870987 0.03117701881834322 -0.3641951805150292 0.6621111263365083
 -0.6772425784427171 -0.3437347921174847 -0.01225404287299065 1.783095376011536 -0.3398248687259848 -1.056767714866396 -0.3136470473040785 0.1380264568245453 0.06238270613909891 -0.2883511814533391 -0.0217875209749953 -0.1454350516871949 -0.2632870849746043 0.5310749156112047 -0.1595748020005877 0.2391378424543184 -0.2523616935806515 -0.6156568746676591 0.8244998854647528 -1.020345262672089 -0.4329724371976105 0.3306979289684472 0.3713386873807043 0.5765686545025178 1.052552546626405 -0.751505452874686 0.240875036317671 -0.6094814080318831 0.5974874982118265 -0.3213871693491214 -0.05207967357783801 0.008604510674959018 -0.4268282342227092 -0.1939543577729656 1.029281644653233
 -0.1548234978588855 -0.9696284652744752 1.455492255572063 -0.5570801083424231 0.584769848649811 -0.212115098915334 0.1932773009578519 0.3277141960649274 -1.143484481520425 0.6407500475234352 -0.9108913710592225 0.8651272981267873 -0.1656563477868316 0.271456296575508 -0.7267245995045263 0.1052302098851204 0.2659531990986928 0.5533910078555976 0.2149429048218965 -1.287595388341795 -1.201260186482392 0.5095770000027926 0.7442372198160385 0.9990884176452151 0.3564320207156954 0.04924306863631401 1.055545665190893 0.2077302742274471 0.1409290479243822 -0.504696525550383 0.1406088749189989 1.121396841907051 0.1528520041728891 -1.029424049116476 -0.3577236833822962
 0.3787367348097989 0.7162518738238642 0.770270628302395 0.4683750689197283 -0.3041786097154122 -0.4261205583357153 -0.3620943882711349 0.7566295312157557 -0.4442881585998451 -0.2814115425366739 -0.3771666098521743 0.4737576347584799 -1.198235984076366 -0.8117897456754333 -0.3711574210374503 0.1176844671636802 -0.2726034312314699 0.2225334302192153 0.2806159081267096 -0.8150812782117618 -0.4511207319388769 -0.8024522965932831 0.1474516739092407 -0.4739766834692602 1.022796648491556 0.2663550023008326 0.8964517244482424 -1.228504871266808 -0.6465072756194884 0.5683593881820403 -1.088753811431835 0.3867145469006206 0.7097863716346233 -0.750303184866547 0.1238961427439921
 -0.02239017190940151 -0.6662341659133717 -0.418644373723117 -0.7583607458569301 0.01867833946877401 0.02640819558875895 0.8657694960383031 -0.3225918728074045 -0.6001246338585697 -0.3927351464787292 0.4435627900345896 0.466439089109033 -0.09540180909262745 0.4816078269388243 -1.919388883328413 0.1352243496747278 0.1312061074446649 0.5092068226738454 -0.2794072430891647 0.9930535539572041 -0.1355756697029285 0.4090967073256496 -0.1931528948876545 0.1927854281715199 -0.03874416408036309 -0.8911544602684129 0.1194113722424126 1.108987012982509 -0.411090573422184 -0.07296070134304414 0.81294404746889 0.06165691155786859 0.07117162627582146 0.3637559089546492 1.767411101648027
 0.6481856300853875 0.433545245579681 0.7220348551736878 -0.8051307100123328 -0.4663354652574394 -0.1340791715768 0.1958000220586298 0.622474651543649 -0.3586931026789553 0.8874378124293455 -0.9013451603791437 -0.6246120338044353 -0.7407960439635856 -1.012653432630944 -2.19861988948485 -0.6638657794579983 -0.3122665054857283 0.2261513069288329 -0.05223163998935372 0.8851226966029068 -0.5540181470502186 0.4322633147882931 0.363344729956778 -0.4742684172669545 0.1423079996153757 0.8252841131631841 -0.177671219440486 -0.2688590233454903 -1.475199569104365 1.282494449057709 -0.02800616673956125 0.9652400393295666 1.293176296607548 -0.7499705577984241 2.495612424928985
 -0.1192793608719461 1.101657718973964 -0.112123081575965 -0.1231582647825604 -0.7784287092176113 -1.347086669590715 0.08932214682559511 -0.3074815480002533 -0.889673557290391 1.764996345003445 -1.122168676813033 0.02871224730091475 -0.2267089810888431 1.946743704122135 -0.3444200792914975 -0.4408193150950904 0.482723790985819 -0.02991001657022509 -0.6991624599676376 0.5106640834952472 0.4793894156271273 1.049202980384642 -0.3845230994788066 -0.5727078271387115 0.1788450619130577 -0.02878818565692005 -0.3090915416932362 -1.034106089622735 -0.6217315308740873 1.063160414070807 0.3906008946537645 1.537543422503277 0.1588200923124238 -0.105456498411915 -0.08022917086304274
