# Created by Octave 3.6.3, Thu Dec 20 14:24:12 2012 CET <lutz@Grisu>
# name: ionErrorsRPROP
# type: matrix
# rows: 1
# columns: 10
 0.2499999615892028 0.2550000000256427 0.267699587081161 0.3219166445140889 0.2939731282959247 0.1249999999813845 0.1849999999839773 0.25 0.08500000000000001 0.05


# name: penErrorsRPROP
# type: matrix
# rows: 1
# columns: 150
 2.46017759973074 2.403033891971078 2.384477145314604 2.206306165467642 2.284895513814566 2.193836348690995 2.192312983546944 2.164830821701882 2.216284401829616 2.094746719999528 2.161748560386588 2.22430572674478 2.109084343920157 2.002941318216262 2.080173320017877 2.104383051778134 2.032570710108667 1.971083339477798 2.098155262591657 2.102592905055802 2.079707510206772 1.971910777259815 1.95242504457938 1.891424993668238 1.876165290004635 1.828402887743398 1.853028860131106 1.904625718320738 1.858368783815019 1.791161056868623 1.839812476372451 1.866525000458849 1.732312729981486 1.772906743209329 1.735884282096196 1.814175406803499 1.776949701445988 1.734269602597862 1.69323046140647 1.720242527334964 1.729047802736534 1.71282703069575 1.667150688265401 1.65205783192406 1.630133601308126 1.686157014797149 1.575260187199619 1.545009086037702 1.626077728134326 1.533070249365766 1.579945813355397 1.405893787516491 1.414849201082751 1.465700592128821 1.488925559807021 1.501352579406028 1.485053315972646 1.419323145213085 1.419996916105209 1.346799889987319 1.38702889117388 1.433324724943313 1.303735517628418 1.295134822512069 1.245290171675065 1.338497765568887 1.218040270348093 1.264664770337589 1.290457645968039 1.274079174862027 1.198426335330484 1.177100950934687 1.232043005909093 1.119928837806616 1.060954999087961 1.095117459245196 1.103069296522587 1.158137803334135 1.078192006214178 1.041981959743411 1.051949131607256 1.076783981040041 0.955359976181212 0.9812615961528037 1.085439458975944 1.037540415850007 0.9980994800943677 0.9661206350436269 0.8855321141992651 0.9620153840385814 0.9284576311211807 0.91613473876616 0.9749171415189094 0.8076176968007313 0.8673832749357472 0.9246605575750874 0.8200103234741448 0.80584440808553 0.8700345397075997 0.8500977406042689 0.7459993708196391 0.8384793023748649 0.8059805090973615 0.7931029819236014 0.7821882973176375 0.7174206915572844 0.738314166105371 0.7686294666671679 0.7739020563528772 0.7563818256124571 0.7059506688346012 0.661380551535777 0.636479707210778 0.6641093247162984 0.6867221215178155 0.6345644747171688 0.6770357639825262 0.6816967451661822 0.6817793603300164 0.6288376561644049 0.5873302555461727 0.6400324665092526 0.6175310616891108 0.6375662718195069 0.6501260715443254 0.6385254833704163 0.6352428424390945 0.576004084951273 0.6127287968980338 0.6043276814599871 0.5804889903533808 0.5853620466634705 0.5815135370676698 0.5980040739157317 0.596096584208762 0.5808883139015319 0.5831637629859584 0.5754323780847753 0.5708767486938466 0.5488665149452339 0.5838712617748784 0.5410848581965765 0.5745607046868859 0.5342982244474507 0.5549555473945815 0.5609933460444511 0.5574883540785468 0.5519981395041744 0.5060157118812667 0.4994041974513904


