remove = 0
ans =

   0   0   0   0   0   0   0   0   0   0
   0   0   0   0   0   0   0   0   0   0
   0   0   0   0   0   0   0   0   0   0
   0   0   0   0   0   0   0   0   0   0
   0   0   0   0   0   0   0   0   0   0
   0   0   0   0   0   0   0   0   0   0
   0   0   0   0   0   0   0   0   0   0
   0   0   0   0   0   0   0   0   0   0
   0   0   0   0   0   0   0   0   0   0
   0   0   0   0   0   0   0   0   0   0

total = 0
remove =  1
ans =

    0    0    0    0    0   -3    1    1    4    0
    0    0    2    0    1   -1    0    0    0    1
    0    2    0    0    0    1    0    0    0    0
   -1    0    0    0    0    1    0    0    0    4
    0    1    0    0    0    0    0   10    0    2
   -3   -1    0    1    0    0   -2    3   -4    4
    1    0    0    0    0   -2    0    2    0    0
    1    0    0    0   10    3    2    0    0   -5
    4    0    0    0    0   -4    0    0    0    0
    0    1    0    4    2    4    0   -5    0    0

total =  42
remove =  2
ans =

   0   0   0   0   0  -3   1   2   4   0
   0   0   2   0   1  -3   0   4   0   1
   0   2   0   0   0   1   0   1   0   0
  -1   0   0   0   0  -2   0  -7   1   3
   0   1   0   0   0  -4   0   2   0   2
  -3  -3   0  -2  -4   0  -1  -2  -7   2
   1   0   0   0   0  -1   0   2   1   0
   2   4   1  -7   2  -2   2   0   0  -4
   4   0   0   1   0  -7   1   0   0   0
   0   1   0   3   2   2   0  -4   0   0

total = -8
remove =  3
ans =

    0    0    1    0    0    1    0    4    4    1
    0    0  -12    1    1   -5   -1   -4    0    1
    4  -12    0    0    0    2    0    1    0    0
    8    1   -1    0   -2   -1    0   -7    1    4
    0    1    0   -2    0   -3    0   -2    0    2
    1   -5    0   -1   -3    0   -7    0   -8   -2
    0   -1    0    0    0   -7    0    2    1    0
    4   -4    1   -7   -2    0    2    0    0   -4
    4    0    0    1    0   -8    1    0    0    0
    1    1    0    4    2   -2    0   -4    0    0

total = -54
remove =  4
ans =

    0    0    1    0    0    0    0    4    2    1
    0    0  -24    2    1   -6    2   -4    0    1
    4  -24    0    0    0    2    0    1    0    0
    8    2   -1    0   -1   -5    0  -29    2   -3
    0    1    0   -1    0   -2    0   -5    0    2
    0   -6    0   -5   -2    0   -5    1   -8    3
    0    2    0    0    0   -5    0    2    1    0
    4   -4    1  -29   -5    1    2    0    0  -10
    2    0    0    2    0   -8    1    0    0    0
    1    1    0   -3    2    3    0  -10    0    0

total = -140
remove =  5
ans =

    0    0   -1    0   -1    1    1    8    3    1
    0    0  -23   -1    1  -16    1   -4    0    0
    7  -23    0    0    0    2    0   -1    0    0
    8   -1   -1    0   -3  -11   -1  -29    2    4
   -1    1    0   -3    0  -10    0   -4    0    2
    1  -16    0  -11  -10    0   -6    6   -5    1
    1    1    0   -1    0   -6    0    2    1    0
    8   -4   -1  -29   -4    6    2    0   -1   -9
    3    0    0    2    0   -5    1   -1    0    0
    1    0    0    4    2    1    0   -9    0    0

total = -167
remove =  6
ans =

    0   -1   -2    0    0    2    1   14   -3    1
   -1    0  -27   -2    1  -14    1    0   -1    0
    8  -27    0    0    0    2    0   -2    0    0
    8   -2   -1    0   -2  -11   -1  -31    1    3
    0    1    0   -2    0  -10    0   -7    0    2
    2  -14    1  -11  -10    0   -6    3   -8    1
    1    1    0   -1    0   -6    0    2    0    0
   14    0   -2  -31   -7    3    2    0   -1  -18
   -3   -1    0    1    0   -8    0   -1    0    0
    1    0    0    3    2    1    0  -18    0    0

total = -210
