relativeError =  0.0019000
ans =

  -0.636667   0.450244  -0.035083   0.625064

ans =

  -0.642846   0.461415  -0.033900   0.610489

