# Created by Octave 3.6.3, Wed Dec 12 22:50:22 2012 CET <lutz@Grisu>
# name: W1
# type: matrix
# rows: 15
# columns: 15
 -0.0448856396179006 0.2236784154382839 0.2519271849475354 -0.170362080941398 0.01967612277805795 0.5442849146427955 0.04900528324736292 0.1593592055014677 0.1180254203007919 0.6774661090644577 0.150385236743687 0.9858234718462997 0.6698731178151937 0.009930068027346365 -0.0008459114656952893
 -2.209509859725564 -5.230757476964218 0.3368703979400246 0.7083291702900962 -1.697720449824554 -1.309662641165902 -0.1047057429046107 1.595203231667028 -0.465587197272502 5.764809220452403 0.3683994985401032 0.9002588432689446 -0.6433909329487406 1.739666547239361 -1.640955679920527
 1.899059363840732 -0.7609134823835862 2.382218748651556 4.124606727321459 2.349683115572477 2.936044431238424 2.648830724691877 2.003384994367116 1.939240017634544 0.5735561802240259 1.635095640790457 3.98170935001098 0.7996865074976969 1.498300206088495 -0.2504645422267406
 1.813269780658141 4.031341308866655 2.662223496003962 -3.783572400119096 -1.466145151102944 -1.858242119566436 2.749181279685966 -0.693971535130038 2.956735994740956 0.7166777897645237 -1.93722623467218 -0.6171340698668846 3.106695691666225 1.524539727837601 2.042018137166181
 -2.575821415052845 -0.9975953300800574 3.894103070155447 2.840824834070697 0.4176808984272693 1.694520063693889 -1.970495341856743 2.056312846560357 2.123909485768857 5.232196493341804 -1.674866767977381 0.5119611043373008 -1.625193686193173 1.120194894504585 2.291031674399541
 -0.8660311763717027 2.281844406949262 -0.2604876724856352 0.1278387181201535 -0.8437733447748408 2.487673542493047 -2.311698134098041 0.01093263945705014 1.033385212174514 -0.05799382178371289 -0.2729233465407701 2.603523367100288 0.3484546806928853 0.6454007864783543 1.269465680743437
 -4.146968263921132 2.10296553032243 -0.09822831185535105 4.314686637220253 -2.942997731724847 0.2153931255238719 -1.024780038485185 -1.773631473216341 -3.084785959417107 -0.2700795256023452 -0.4104896325181291 0.1879828423492249 2.463958943342124 -1.590535137538202 2.017360263741482
 -3.879767169503383 -1.663360977724338 -3.865231469064629 1.477504527437075 0.4853195280683147 -1.275252519254985 -2.873028331473786 1.809152247121364 1.129077486503073 -0.6144571229568785 -6.100658241786951 0.9220020629642971 0.4647387267286454 0.2863673449421135 -0.1075867387573201
 0.03635374864097228 0.9908954493276937 -0.6159449943369817 0.8089389519510611 -0.1808373474152865 -0.1526415712109929 1.588192583962328 -6.204703413623236 -1.516880517223804 -1.142549737579271 2.300527570778598 0.5999680459981588 -1.33824787563917 -0.3936855099385787 -5.58429950899149
 -4.261062610546865 -0.5567331424318315 0.5140642757918129 1.945117558537715 1.137035522234163 1.230931836538422 -0.2478216387505432 -3.348988732922413 0.6305240624878068 1.729105661997215 -2.51405989615973 1.362619436281195 1.307839816849234 1.814976466899322 -4.080261129769543
 -2.375151207745755 7.380529193736244 1.036918077368346 1.426705222539353 2.518172781972268 -0.7330783185156543 -1.168250305349453 -1.603633100325729 1.108476112404449 1.243808260364864 0.6733438348347438 0.2834027616885778 0.5258918581263684 1.877033077359109 -1.599581413063488
 -1.342507343393216 2.074494232232152 -0.8296443078547893 1.121442753512288 -1.611221137132097 1.734214343072365 1.394683231386097 0.8161641760772819 -3.25524859601182 0.4812400703734768 2.089692160029816 1.142458462767356 1.997964781640468 1.614173342164331 -1.307502089350002
 1.305138288171401 0.8045446497434773 -0.02244453496356476 0.4789054888669994 -0.7844563048236233 1.524668197840089 -0.9155258891823973 -0.02911327630687541 -2.164153865003211 -0.6331774486919849 4.069859513696785 0.2159921616436714 -1.107160877985288 0.678466306402124 -1.705930809675064
 -1.208651882105972 2.354355380883905 -0.4817100664581062 -0.7804699151189567 2.75865841446362 1.267230062371416 -1.073364227901747 2.53484811072546 2.475995953219041 -0.3265268445001468 -1.814578087627768 1.906820966684177 -1.296503831725558 -0.7795499568973907 3.045167361640934
 -1.773528995571897 -0.4798335261479486 0.5118894543959215 0.2763133241973462 -1.672765538904274 0.6989399117003611 1.536851936086038 4.173602726376235 -0.5766642619812371 0.3308121655021236 -0.7114878991039314 -0.3489365988960441 0.5716352516032656 -0.7359769710046631 1.309440870625569


# name: W2
# type: matrix
# rows: 16
# columns: 10
 -9.999986251973162 -4.512271016267406 0.8460686948332746 -7.092629458249479 -10.33374616628727 -4.249165726207787 -2.731802483996933 -2.245047325350124 -3.946395760695866 -10.15906875864762
 1.763367701709095 -0.8721310736762552 -1.248411835426978 -1.921541374745603 -1.598026258246144 4.797948861175205 -1.471459549092374 -7.055537101288716 3.195207029938466 2.124151359483395
 1.038403475223524 -5.613797101971436 -4.117404759081845 -4.060171750630801 0.914261890494398 0.6545922067045651 -2.087864938710196 5.432354129062067 0.7752918610551817 -3.50703210924633
 2.758992505781074 -0.6045080071342683 0.873435776704787 -0.1708647195073799 1.980369963156016 -1.404539885714812 -2.673515799819683 1.005174168419242 -1.849843840720401 2.016958377292323
 1.931175057739118 -3.769390617297511 -0.2522653559301232 2.301766259557909 1.504029519989433 -1.010231683057915 1.609477904008753 0.1234499981888049 -4.953060569147487 0.837737604538186
 2.597559899837691 -3.570276180204239 -1.787887144793187 -3.188313692148281 2.66305454202097 0.01218863953130925 1.728893828755675 -2.631161317560024 -2.247494089253326 2.114998183631677
 0.4458916082222367 -2.927642438252957 -1.303638344349396 -0.03522314017812057 2.548342937021527 -2.861326264705129 2.213452635696517 -3.299639377358428 2.556918158469483 0.8844025139459791
 1.139192496620893 0.2438187117235923 -3.943377321454719 0.3697272632959518 -1.188985429648911 -3.137900578807433 -2.392191334755533 0.6760313943125299 3.129821302824904 2.952004921731799
 -1.361831399487368 4.178298987933752 -3.326005472705643 -1.461719577455775 0.06926041553600405 -2.599071393815704 0.6077845639117098 -1.723450284806569 2.039394992248409 -1.251074642440076
 -0.3778537460657301 2.566751623738549 -0.8805843761492659 -2.521100591777443 0.6847575853889354 2.833227840245241 -1.548148104809996 -1.280420589417073 -1.875371813537308 2.461927252108261
 -6.731655552306818 0.8759499116730856 2.852941610206968 -0.5317947856036273 4.31298673941223 -1.65639385540659 -3.917623562738107 -1.382473889666228 -2.054429715400329 1.493989828813742
 -1.050326632564389 -3.073955069382341 -1.89163818031203 1.773753408276579 -3.938756489512313 -2.130923423282777 -0.3865909657022916 -1.118483972259218 2.734807811436011 1.577048753873639
 1.747939977939849 2.496658007108763 -2.120767245226497 1.490339059128567 -0.7750625101859665 -0.7402050398573302 1.866249277239633 0.5680320107901944 -2.33251492778261 -1.074198946756313
 -0.06543415289502644 1.385597165847657 -1.450866569888824 2.966304405848033 0.1390510511243252 -0.5006662569317097 -0.3708009963911633 1.61084632991488 -0.5870125390869547 -3.123195541459438
 1.613257206665327 -0.4459796338669696 0.5191373167771557 2.890727981752306 0.6618661438045642 -1.459371921959881 -4.527027362607904 -1.60631306579277 -2.884861275183759 0.9152523795082456
 1.660945350480457 2.202778770365307 -3.656935938754287 -1.166918822675092 0.5832960807511182 0.8481770181225921 -0.5034918255725758 0.3144441660121904 -0.5549093396812238 -2.147364430467491


