# Created by Octave 3.2.4, Wed Dec 12 21:04:17 2012 CET <lutz@grossekiste>
# name: W1
# type: matrix
# rows: 15
# columns: 35
 0.2367316487105266 -0.02989939678897768 0.5799036302576412 0.2011115135938424 0.8966528722277815 0.7899404855396605 0.9815986061383879 0.9958514935153014 0.8801396937671839 0.7257021205290419 0.8363376989247612 0.6811493332849118 0.009434735334135703 0.5809794630980709 0.8609233557343002 0.3563368628667704 0.9636166856762552 0.8375309311364741 0.2839757825325681 0.8606025422919829 0.6032502438622902 0.1374100301003444 0.1704172753700146 0.335133356315917 0.5607512041403131 0.3329762610828184 0.6927286453553211 0.2804097031047945 0.4999660512983913 0.6380273374233912 0.3117082550197792 -0.04878686691463573 0.6063924922778745 0.1362566833822669 0.03074353508417385
 0.02430439043999348 -0.1077170699650511 0.3684743405309934 -0.6656337385023068 0.3842364609740073 -0.5547937552729841 -0.4518823511986731 0.5021759577035375 0.8982093153271546 0.6984305932634705 0.8294978073887259 0.3091045554702699 1.724253351488215 -0.8976938355929601 0.1276993420728921 0.5906045170616006 -0.03278939742302572 0.3636611030068242 0.2282611373363855 0.6919278214334379 0.3492487898695101 0.6510559637720642 0.5662814269507849 -0.1726654148437495 0.1602162536204023 0.2706406743893396 0.7609315559354404 -0.2982315005291546 0.6231591831479832 -0.1556597899919791 -0.2372644642934397 -0.01429760014127189 0.933769515863342 1.04221891460912 0.3707728620888124
 0.9404127614933407 0.9936783521228735 0.5998023373130911 -0.6139150386985123 0.1292316247289209 0.9860689853279547 -0.358823457894819 0.7095243724402889 -0.07018622253938001 -0.3542742560867437 0.2496433901970045 -0.08477807429062116 0.4735980653028907 0.6802429490782739 -0.03942659485307562 -0.1265975071478823 1.282270283493447 -0.1471647612731068 0.3109421667899939 0.3629164272528088 1.135586045045461 0.203610250462216 0.5093895326072542 0.3946333161098138 0.05310196931757905 0.2473059709496567 0.4609643750047031 1.027785395779004 1.115308328524547 0.5630636503926264 0.3541906623858923 0.6528015104385291 0.2255923861615228 0.01733343039862836 0.06242062920728299
 0.562334114012243 0.5506729771672162 0.03489623920345365 1.120729881419892 0.233491324023692 0.4492407884696208 0.646526765797843 0.1477875424207317 0.7406643314054702 0.1991351642898539 0.5675330870411028 1.04520606408296 0.1257919137850211 -0.8235681254143281 -0.1844636618956023 -0.1279869426030084 0.8648615339019925 0.8240492913671444 0.5173208149573654 0.8452687170518712 0.798415872380258 0.2168118226301314 0.6874907735849443 -0.3355048430077255 0.5658756675292195 0.6080702863074896 0.5001418078191776 -0.2060278847240943 0.2191708427969823 -0.05143738771092842 0.4074989586447131 0.6030818994537183 0.4759052615073809 0.8533115448019108 0.1562735259864982
 -0.2001435874187177 0.80904501197163 1.179499938171263 -0.4619462063672994 -0.6173617596398182 0.813039706109237 -0.6441780255814361 1.038200482908842 0.4198632075672062 0.198928116589224 0.8469626630547887 0.667656468996761 0.6626106792428508 -0.1491791996055881 -0.4160788959141145 0.8286679707618092 0.9517766826111436 -0.4267599104835637 0.2034800069513065 0.6129432399391509 0.9909404546005336 0.722886084490077 -0.6051298347232121 -1.229471705233811 0.03351840548792545 0.1584119109529331 0.5267148716088489 0.3762871019467212 0.9625372742043895 1.547610995088258 -0.04297930031469743 0.2463529225429232 0.8485096980387333 0.3039122639169012 0.1744367607302992
 1.25601551935546 0.3813096136411421 0.4631408711661008 -0.9170863199709214 0.7212275117072147 0.5091424766034661 1.659708467139814 0.7076604800601167 0.1414747499424335 -0.86040053792779 0.3430975724941244 0.2257202501890922 1.433806082733694 -1.88751302853796 0.8893744056846944 1.194736468519542 -0.939544951599447 -1.02755396853783 0.927276846492128 -0.3553456427606455 0.3891305719786604 1.157602533068266 1.47338424627545 -1.359145996541628 -0.4009651944821398 -0.4039622140858427 0.6811013840654487 0.4157137063238953 -0.005137617285109202 0.3883738105123911 -0.9071076609019645 -0.1777970514262729 0.2932182470349167 0.09788718788988644 -0.1276581088933734
 1.059055507421569 0.7084510177673234 -0.08029291887019799 1.881516786834156 -0.4028189317784581 -0.4991895824358975 2.312590019398315 0.2119301954986426 1.359855020109942 -0.5031881740627693 0.4559950583402836 2.382968968709818 0.9210827507673718 2.886293945258893 1.842802343065771 1.636521429163131 -0.6517370515226268 0.6310532446050661 0.9984504875137142 0.6680821146117892 0.849285406394385 0.3815876413197155 0.7287731589744084 -0.9156348778618213 0.972889926927216 0.6414470460626195 -0.04713938913165548 0.8495881024167432 -1.056452338142861 -0.3838238069459683 0.3225202836761782 0.6944408468033924 -0.3984430285361954 1.536013468350298 0.2246063233172721
 -0.7268912673579301 0.09426058238549692 -0.5780202156041993 -1.407814510619817 0.3250050253267098 -0.3598913365799712 -0.1893957175813656 0.3436366321296793 2.382949085713943 1.005640233961671 0.7240702497713917 1.676308381257302 0.9635323278640191 1.249621734244425 1.831355062719776 0.03362488908549954 -0.6714527197773033 1.262077225419016 -0.5057299002038378 1.066532479539522 0.9728451527866134 0.2609446757420941 0.4641059046796668 1.619791089100258 -0.2707884887154607 0.1730385295036415 -0.2412159827895221 0.8953248387545469 0.2865737343519787 -0.3490138906088442 -0.1918562292526896 0.3691742958557107 0.6371525980607057 1.115803952464182 0.1420464165532548
 -0.002217121605601249 0.4971859471709887 0.5241117687605749 2.392007496565477 -1.594574810227303 0.2040872351861851 2.454638872761541 -0.03118117215919499 0.1908363486016713 -0.8501445988262648 -0.1785523505031782 0.3278978463525781 0.4646155571685279 -0.1786506258360991 0.6750895486783665 0.364599008435535 -0.3064435787513875 0.7674129657334363 -0.1842519819305705 -0.6380193312580565 0.5424770288690381 -0.9096930021376499 0.5911242079056592 -0.1649692606575983 1.261554827917331 1.173637447480292 -0.04660932619589563 0.3777147518603618 0.2989226319596895 0.568343300255573 0.5498633790023787 0.6279574953330548 -0.5815234940674752 0.2645038612398602 0.7473035983023144
 0.4605227060765217 0.2280625921078491 -0.3568145432382887 1.988762067938689 -0.522170470886176 0.7763510213720016 2.651815314816849 -0.08789664045627553 0.6360879772706695 -1.425752174691641 0.3232861550459961 -0.617629540139783 1.113513123201816 2.281342401943552 -0.1851650750150248 -0.7009299911455844 0.2299622969214985 -0.6052486226968555 -0.6628697476703385 -0.865132996671699 0.525398561417596 0.08286523718585891 1.623037453832894 1.709175727744952 -0.5020817971091339 0.1460558856062779 0.03785185111010293 -0.3083845370320781 -0.4745791570904957 -0.8132933999507674 -0.9218041898724997 0.4876925412956778 0.07117023463394788 -0.4710846960481594 -0.09759415819209707
 0.01035424860423182 0.19970764987874 1.325839766198947 0.2301684699876319 -0.01041390023931112 -0.0249731644977453 -0.1346337680546942 0.7872837489436106 0.7573164015001594 0.2492211328116098 1.049219470230917 0.5424672246379074 0.3996804072432312 0.5854498280867166 0.8987475574262748 -0.06735466775883781 1.049482735978505 0.3124160696234416 0.2697830313454703 2.002778234074063 0.6284293454536132 0.7728102491938359 0.05380942040828179 -1.177625846417136 0.3200230638983471 0.09612856466873666 0.03625338400977005 0.902175962759637 -0.3204413186556191 0.5930143833161725 0.009397592356249117 0.5483717729662247 -0.02034015289383819 0.8607612071070322 0.2474085494764827
