# Created by Octave 3.6.3, Wed Dec 12 20:35:02 2012 CET <lutz@Grisu>
# name: W1
# type: matrix
# rows: 15
# columns: 35
 0.6727191482603636 0.9246945057362379 0.3996200322215792 0.2316553996490218 0.214969930795518 0.9549857163452942 0.6014168958902913 -0.07254369781750629 0.2505744848498975 0.2725122669192771 0.5810178773640884 -0.2798347502672652 0.05228663368099314 0.3821012390245784 0.3421936026083683 0.801164838283861 0.09990483183065139 0.04386755564309905 0.7014368855760225 0.7791751890519844 0.2322910873960189 0.6606261915564106 0.009667610294832462 0.3980659492561079 0.3352566939928757 0.7643970822492241 0.3368362964920813 0.7231519131809591 0.4441322447932328 -0.1619061474888117 0.9926878486643873 0.2243816288839416 0.5018683525647633 0.5602524222765984 0.7481992911194283
 0.5902667246649177 0.5732137555508686 -0.01571004379571989 -0.007810991843062474 0.3373112804287506 0.9974825986051261 -0.2727014273384558 0.2909015639913341 -0.7758081389664663 0.1201261311319237 0.5860118076901322 0.6377208384679111 0.6195893359719947 0.7951277442256098 0.7840746452064147 -0.3407398343039578 0.1089099847123277 0.5167353044970951 0.08262640720598555 2.108125145765732 1.484503209772653 -0.04143545525037267 0.06867034893796699 0.09680541731161901 1.42506144078299 0.3336151987067175 0.5002506959667665 0.7900074120362246 0.2338086753109687 0.115150386999475 -0.07663894131182325 0.4177302443936284 0.4738542391067207 -0.08288331917195629 0.1608812685899091
 -0.4881034697265355 0.482325857496667 0.7143266324980823 1.690696011389261 0.7383129213635344 -1.555074141321401 1.25805097555936 0.3802455297452817 0.7605011427781323 0.6296978660893948 2.760144101697524 0.8374649368114861 1.104647737153757 0.4341467526247802 0.3643362232964434 0.6551369793058361 1.129272630408415 1.323107404451575 1.070555379049418 -0.6002669526395477 -0.2069561983089171 1.117664228428903 1.44617236326348 0.8868525768381627 -1.970133968945 0.3350267199870671 1.217701416629259 0.2892920431830156 0.7311772454627242 0.2975544784386163 -1.269610312835754 0.7575872893007781 0.5217634776744551 1.348189629409072 1.501678669041454
 1.025037833444703 0.4513069038338109 1.51789635332282 1.830108125929781 -0.1243996814730187 -0.7981871652365761 0.8205079607091194 0.2338182392626755 0.4665361971221227 0.1975015259031598 -0.8952704842366034 0.8014864467480358 0.5697170158488605 0.7018716483723012 0.8007217633014075 1.288912794476125 -0.4809641168745325 0.571649411506374 0.6515281547356483 0.07653274600738337 0.4963215024726221 0.776461851885861 0.486009165062414 0.3408327674415206 0.1747656307813773 0.34298253961166 1.010740702919639 0.08033590520223048 0.2997554942280675 0.939262661983383 1.388543859655192 0.1915665945037928 1.336458004803276 0.8456139865147722 -0.000467981415109757
 -1.218497998750608 0.08104398399014603 -0.5442187380873915 1.473152087198528 1.092190667340177 -0.1333927456925438 0.01928086577079831 0.647986367958318 -1.450638524421269 0.3300319718839504 1.583695170803086 0.7191815455392632 1.998307334890462 0.4226178344069218 -0.2629286449152888 0.4763911624660906 0.4733097639230213 0.8202097496097769 0.7881354793652424 0.2320866569031793 0.3414215886804769 0.4264782427235781 1.612670144390833 0.9412061051821179 0.3510052557348541 0.8227457912713466 -0.1445030571901778 0.1474943355351049 0.5067893405608875 0.2018950599902599 -0.6293729100075396 0.1894902028451192 -0.1593365540530839 1.221726456614205 0.3620545864885958
 0.3654359148611607 1.293217639349863 0.9707378239040142 -0.1292992513372258 -0.3228926530352172 -0.0336969730533388 0.7300653824371437 0.4352175360860477 -1.430912702204657 0.957862788187649 0.8737457231602477 0.643277994900717 0.5514563284661506 0.1349984804726088 -0.3767875518921652 0.05965600056291028 -0.2432847573101177 0.3985581626097545 0.5938424237399447 2.43737556685155 -0.2028118542079477 0.7365143481689713 -0.6959005882787808 -0.0252473955322427 2.488310038835278 -0.404560482684948 0.2347452139066912 -0.007051150620811971 0.4432708618846777 0.384920276983481 -1.556845359210301 2.453451346633793 0.04235053555182128 0.4361921163371325 -0.4248597961755627
 1.662526212907444 0.9924034458227983 2.016402850898555 1.570335346880912 0.3325287455489655 0.2946340431827161 -0.9894223145245619 0.1475274978887533 0.9062514567352917 0.4897024546897168 -1.836787684634898 0.5911069884496594 -0.7141513878964527 1.264668109885037 0.4144069128494986 0.4454704254036674 -0.6742200953403195 0.1609138463414754 0.7345137951583108 1.789377801902169 0.6793987670259244 0.8949947712260166 -1.634952163139133 0.6511625550658815 4.379000476618606 -0.27456303667421 0.3357525937775074 -0.2650897667273953 1.355212423388359 0.3899585977421345 2.05835863309376 0.7750755308458281 0.9863813337549087 0.5653127751369496 -0.2879465524928764
 1.404419957584703 1.10820987509718 0.4030498380993228 -1.057535862408836 -0.322207419605297 1.512211898625042 0.9240902858957174 -0.34423828614928 0.09639757234204847 0.4176152141341504 1.477392833376649 1.172311710756064 -0.003023016133568658 0.2700242245341741 1.079665772306967 -0.1042993133850672 0.1154096820298828 0.3904535909915102 0.3940559732320451 0.6820061696083319 0.4047859473324574 0.3108842166348496 0.6143728855864236 0.1964859425637775 3.581208121333598 0.4477334010263136 1.466403338514844 1.200401384779423 0.9973100771217536 0.6998407166623801 0.08041652788489347 0.3447636066132039 0.2498559331007584 -0.207566141482718 0.5404762630595636
 -0.3900970434676046 0.0610389292985769 1.49284936788997 2.027858011632595 -0.3232947727230093 -1.894436503153841 -0.7673722687115693 0.1016435689589013 0.8660017993877358 0.6713202430785975 -1.670341105605354 0.4259529350111903 0.4160083526116623 0.08227549934156327 -0.6817382897222728 0.8785820055067423 0.1232607111824546 0.9973528271508905 -0.5075032319988344 0.6316602983916371 0.4926851551090561 0.3115376862571832 -0.2312190914834759 1.081654845563479 1.540310655764692 0.2076190933297938 -1.180515393871899 -1.270846577001482 0.06347032839310757 0.4515582513297676 1.816800718356074 0.3227234969725891 -0.03546713033187276 0.1296985446629042 0.1895169572611324
 -0.9154137723075039 1.376678146498046 0.8368744005392087 1.345298000198147 -0.3458296490873785 -1.033110766875802 2.317012367791131 -0.2911060567199283 1.653850437587966 0.5364827162810522 -2.260722057085388 0.708333255156985 -0.5518108125196403 0.01030425961391779 0.2896038732626678 0.6028214327504708 -0.4656159244080388 -0.04049506073066067 0.000827431846089858 2.200015116612665 0.7644524733154762 -0.6826832267693819 0.9273211454210937 -0.4043829328227124 0.3450456767313413 0.1054085600580259 -0.5924993912242769 0.4360072823513568 -0.6496627041454019 0.1565791625503211 -1.765996693261145 -1.147235186164228 -1.034689579684844 -1.424007146302301 0.2857869202530963
 1.596563982331987 0.3673996771429971 0.6625702814288167 0.3551346082216894 1.218461314108817 0.02345049990644997 -0.9007679834314972 0.2548798172224146 0.4866800630256961 1.091490225811151 0.2065900591807125 1.102362677971342 1.553213818412282 1.373572470463163 -0.007566429483918553 0.193547362293843 0.3533673525105821 -0.02511876240717953 -0.3465294062231091 0.2645055247923042 0.41975709338307 1.701599443982353 0.05286175473703855 -0.05091614739023381 0.1011024883784899 -0.7923775627265608 1.189915794184939 1.225879774101541 1.951036308233517 1.372476793960099 -0.1080876720367912 0.5105384191926027 0.8998376349759785 -0.3082270981782669 0.9893024719845017
