# Created by Octave 3.2.4, Wed Dec 12 21:51:23 2012 CET <lutz@grossekiste>
# name: W1
# type: matrix
# rows: 15
# columns: 35
 0.7539759028438322 0.852267804558496 0.7302785840366606 0.8871045978369342 0.8846129836814998 0.8595571659579981 0.01382176074493512 0.2978846377286811 0.8146625927486856 0.7952770500410934 0.8798851707936963 0.8408133729761144 0.1540209111868122 0.8855581821888038 0.1818144069693029 0.7224050793850221 0.443535325347598 0.7572922767143405 0.4303293647453725 0.7109240256659148 0.5814733853859527 0.4333329647959366 0.3001997870384312 0.8121131130222774 0.004885768128379429 0.3985895415226907 0.0497226607293366 0.9627372423761738 0.03915747087769646 0.3699017812167995 0.5286004167147482 0.2022379549402496 0.51083564642041 0.3234964153790273 0.4430653660468907
 -0.2778761661132481 -0.2302822023883274 0.8642629561417149 -0.4070764229361043 -0.4446249097633169 0.5656457039495491 1.245212779359045 0.1352299522351546 0.2316775904541085 0.07215367780201312 0.2415679289816766 -0.88987455668386 0.4962404063600704 0.4098225336650322 0.549976102603427 1.268963075835728 0.3386915463393732 0.5952507134445081 0.8022036573377758 -0.5256492080432988 1.035150008816162 0.2066382432399518 -0.7494077691222161 0.8508150569101421 0.1120423792658966 0.2066265572984106 0.3003555838612103 1.380985559266197 0.1372593694175158 0.8366093249838568 0.7955943459973315 0.1380375877508005 1.23824083559288 1.655562716783434 0.3876800060956177
 -0.4697171852803697 1.084586414493595 -0.001527780755444587 0.7320096495120983 -0.4563330780338034 0.1371597920726615 -0.5057692424882413 1.198066494276185 0.2970918027741479 0.826080625430371 -0.01927800660602767 -0.8876669366821471 0.6369613863804666 0.3941665590614203 -0.2804873613638315 -0.2056110222941756 0.6447423408730621 0.2451484283559058 0.6813623846684292 0.5953997029011927 0.9531066404199036 0.1516979317935605 1.310515880596392 0.09950827120252187 1.142392462833313 0.2475917336377038 0.3863520618500216 -0.269988031839023 0.493174674569013 0.4475493143817582 0.4782855601526139 1.173464097239669 -0.09718259683026584 0.6116308098038836 -0.1609384969170255
 0.293071319237979 0.3373839616332039 0.4961986213902009 0.7072286888586832 1.232211912874593 -0.12511567994231 0.3687501894893466 0.9563374886847695 0.3634165482796015 1.211264576456889 0.8406598170633408 0.614225877808897 0.9723539716531155 0.1165939812496573 0.7877192381344831 0.4440941812299369 0.03976506112018108 0.5212672630751449 0.6247822251699974 0.2311957676704536 0.5888824391215191 0.162977722645918 0.6072457516718227 0.01891527922619915 1.188123774656568 0.1361124510752196 1.44853554764661 0.2272356679859822 -0.5428726266653204 0.1652665468065659 0.542602263395177 0.09328480531611917 -0.1464276887816207 0.9331761653783284 -0.06406965071075924
 0.6053987052386953 0.6916125165673197 0.2745972856419987 1.004947485381133 -0.1547633572181533 0.4892839993799366 -0.522879522125278 0.06786573719774711 0.4796519394271439 0.1515648950267413 0.5435999203133193 -1.93961403759729 -0.1384810505426458 0.3403519322994669 0.2552094492146691 0.229546905221103 1.402725688249313 -0.3238568758766209 0.9448547495403928 0.9900690603153438 0.9756077567929768 -0.4455826417918561 0.1998054898523502 -0.202259944868865 0.7557577742535395 0.1629169707450042 0.2057970020196018 0.2583922386111532 0.9335853420900173 0.7545626920820547 1.103690618125736 0.8173648584560202 -0.7997160202178827 1.936362026172946 0.3169943316794729
 -2.914791751269985 0.6192543271561459 -0.04037649111922843 1.579942107510848 -0.1973824267144431 0.3795136613103798 0.5699052744452788 1.589994999283499 -0.1694106817389077 1.220539359991764 0.2047820365073878 0.6658086409473706 0.04509425997767273 0.04390334810361744 0.3628449994307871 0.08762563551944667 -0.1201446461884844 0.250211138638014 0.7371384440846347 -1.154467479807438 0.723055450456522 0.8075214878198882 -1.017231047106727 -0.355760918259744 0.1523960329248144 1.295725342201412 0.4094071551594123 -0.2546107436188915 0.4411605370790153 0.2714353108034776 1.226796166049869 0.122738895633462 1.390257457272059 4.195788586983973 1.047338087613044
 0.1239601938888201 -0.5185254967521103 0.7952831432927506 0.6070756676378574 2.452344896085757 -0.2111392025207383 1.292095330621376 1.37173054787139 0.8416781563319914 1.410617593253344 1.808821722921711 0.04320377226495148 1.345601373233413 0.1837951461756786 0.7452799597355785 3.283615295541417 1.155541262255643 1.562618070519671 1.371798774032583 0.06740658809266729 0.08660888025836069 -0.6292883904202843 -0.359739311859708 -0.2326108933057444 0.6990006029491214 0.2409689425400151 0.2630503537050787 0.837755355634895 0.2949478783372413 -0.8276944198541062 1.086912067995643 0.6852750093934584 0.890072975629615 -1.149487044809468 1.412112725007614
 -0.7702436689359711 -0.3817359020237614 0.5784093065987914 -0.1797374667121227 -0.7364420204451165 0.6725825355637602 3.200296414681885 0.2262313847858303 0.3952738162930143 -0.3391846049167768 0.5102849497002404 0.3353562145067271 0.8171190049831549 0.9055667821914897 -0.8696592169366478 2.149739943958305 0.3106180393313268 0.452791627537264 0.371959326717449 0.3871085841349192 0.5259160857212782 1.324640754903435 -1.5919282320564 1.243214544706766 0.5882593460713295 0.3754546282647557 0.2200832353852736 0.5715760565837864 -0.3671957657928167 0.7721809253955229 0.6653889461396131 0.6293460037226708 0.8449913070465451 -1.132411967261385 1.302793303372682
 0.4375950038768829 0.508021340478245 -0.2284435550187183 0.6507640664014618 2.662692039939236 -0.9771543635974286 -0.5812739473678755 0.7466857993747118 0.8880674301273139 0.5885157098788429 -0.3426049324805505 1.006056590159796 0.9589921030104491 0.11739080706272 0.001864961462006753 -0.04908253407449035 0.4136028956989249 0.555222657546056 1.045406072438608 0.3522449411713088 0.07358539040796203 -0.9604736945873796 0.9977069091755849 -0.7780806502668934 0.1459245018539716 -1.185668940402684 -0.1382996268826019 1.496927717465716 0.110584340378928 0.04078139176992922 0.5813702057717298 0.5840011476897788 0.4802319071189157 1.584952796592269 0.5358075314822728
 -0.8300690197807062 0.771365295335033 0.7766375438919905 -0.2324192978147133 2.111506665247732 -1.013682716374237 -0.6459915171318934 0.3638400385287384 -0.9361021369331757 -0.238810322633522 -0.002184170570301214 2.542425751378528 1.366245802384558 -0.2477972458187339 -0.5748728384712749 0.1006597227601829 1.347147028868835 -0.6316499850940631 -0.1723190606164719 -1.363417124006139 0.699858164874577 -0.07333238904820559 -0.1378868192370167 -1.662359334313729 -0.1055366254574652 -0.2553308943177642 0.3335688358279746 0.6288452893289947 -1.438557180288825 -0.3383553970156923 0.238928286900628 -0.3069305039326336 1.795038850406237 -2.4529410286739 -0.05211903335721983
 0.4823701503365921 0.1325630848187034 1.39889946589696 -0.2686742692529094 -0.8140713283963368 0.4907408484527278 0.4122473789229496 0.3849099934610232 0.5058276388270436 0.5712217712931192 0.9524007940266079 -0.7372989698880301 -0.1560839907853796 1.668142921891829 0.02452405922277234 1.28308636887336 -1.058783842661064 -0.11561308269561 0.2648238537163737 -0.9965711060908395 0.4660037300484043 -0.2429521287311226 0.4897335944337268 0.8650274547015845 0.9656038510605246 1.194957507642822 0.7006227821538187 1.763437477320617 0.4373846565740896 0.4826699127534116 0.4698384803604143 1.136326173343237 0.7224667610802676 -0.4040346813060408 0.381609517770641
