# Created by Octave 3.6.3, Wed Dec 12 23:01:45 2012 CET <lutz@Grisu>
# name: W1
# type: matrix
# rows: 15
# columns: 35
 0.6807252074855817 0.7593389340465007 0.5287267203862271 0.2479877808756396 0.8464771824629235 0.2931561050000551 0.2407198164665041 0.5046026462737387 0.9238152937104663 0.9041392230372985 0.5740680070427363 0.4841495674327019 0.3948878526699382 0.1564271129825942 0.658419611324922 0.6605586035506507 0.7508105790714361 0.3661306872475328 0.7352363440262524 -0.07827635850855381 0.3105518237068867 -0.04932278926225518 0.5914480752105074 0.131027391439869 0.6955655091774684 -0.1496447704306401 0.1512412717757632 0.2514534159916311 0.622775718667265 0.5623769123328382 0.1533841915922203 0.5160759474715216 0.2946903674702399 -0.03072186753128264 -0.1364586147741332
 -1.403616817840952 0.2039531404376666 1.830137439431291 1.888708982044346 -1.373793907807162 -0.2456715305447929 0.6387285301384605 1.000457423101749 -0.9734241875752659 2.047067451961481 -1.535619044473968 0.9194784623954071 1.987728342412886 1.076463408940347 -1.101401413249002 1.065474178288261 0.3490363144537023 1.948642270085507 0.7922739602857561 0.05169552474424714 0.8546400263589558 -1.701991158137387 1.130039785868211 1.612252047592834 0.8226203234663488 0.5402013302636787 0.3804023710066992 -0.3620441254041674 0.1070088430876323 0.5543116334192328 1.833767430448333 -0.07407823313379661 -1.482622239773436 -0.486102540530875 -0.8276831640725815
 1.143841391503323 0.4753714384423181 0.6143073373868476 0.3969585169665872 1.813012751367435 1.62757667897528 -1.608375559939207 0.1203852341718881 0.5844102458677923 -0.2526801279852556 0.4671360676452107 0.342412756203554 0.9327622969204205 0.9799483223209404 2.110238129884161 0.9641559754681928 2.887224684991475 -0.2016146277726142 2.163009391794607 2.080822038529278 1.703225885373445 -0.2367328542810553 1.761775107713619 -1.619883979965177 1.596841060508398 1.439714555411402 1.582962664115153 1.209256000788605 1.18801322513867 0.007121707672966452 0.211152386390398 1.760788358408694 0.5599525281267811 -0.2848188083873133 0.5882593621743183
 1.150087192274072 1.50970145992975 0.561928936124893 0.9714208444649554 -1.484840565132218 1.279786491032556 1.66855502300084 2.122828117552087 0.696011566120033 1.956859679133371 2.51926127989044 1.692161478922804 -1.590227244237197 1.454785351181128 -1.099279921887685 0.5801666733210971 -1.953602192698702 0.7105595585673472 -0.01922893766713219 0.01327546393614779 -0.6515911600074441 1.519893287330341 1.968423172556865 0.1272092779852666 1.116652879003348 1.425079749028695 1.309119175855308 0.6459122240445986 1.294929379540752 1.188498388233341 -0.08612482435969895 2.247229045149392 0.6494209882177839 0.2950694121260143 1.548006739048924
 0.5634109652930865 0.3053601307604318 2.019695431730635 0.4138704889119854 0.5660722564398823 1.853898135552556 1.259696167640614 0.5963867982564711 1.002258678888429 0.5055430113972752 1.021000451910073 1.147954670612048 1.458149740609056 0.1972458004978619 0.8293064136583469 1.384497004577268 1.071019745276078 2.000975001093627 0.5878959507579703 1.92531745618328 0.7323632077671732 -0.6854624403151579 1.027115831173959 2.314780835910951 0.7841092655726861 -1.370001922639187 1.183279030052688 -0.9483177102428142 2.0769548732198 1.772703374806637 2.594513290246392 0.4415320456792197 -0.03783125589423573 0.6839580318665424 0.435675194025356
 1.676895937510752 0.5929369689658121 1.311951391839499 1.408777971615515 1.55809536397969 0.4392605431064082 -0.3720197275187963 -0.9580883757305758 -0.5605302920752119 -0.3851611205163071 -0.7919333790484948 -0.1104455472828035 0.3463112494109948 0.8272577607238818 -0.1311256968143903 -0.3377701514073692 -0.1087680409991466 -0.7006408762043815 0.76687927099804 1.475801586341724 0.005553370946563583 0.4228403786951386 0.9928875395374631 1.000412807199193 0.2607324480287465 -0.7270817975481978 1.516316310784787 0.04113066131440436 0.1204006042148695 0.1811396960107275 0.663330834441029 -0.3663188931206177 0.4296969387262647 0.1834723394206018 0.2049189646751149
 -0.5187840296588552 1.035481718839975 0.3239390410040795 -0.5293390425726123 -0.7257708454764744 0.427887239984499 -0.2939339029569059 -2.796303856340231 -0.9898149143585887 -0.5251108196104821 0.917752254129658 0.4199747488059845 -0.4566284331734747 1.024170956160272 -1.564430480463113 -0.7031089350212872 1.995781803938119 0.4213969858486874 0.6327706125145697 0.5709747170343867 -0.959190654859496 -0.7433109309238055 0.02025698376756073 1.38157800440964 0.2042844939472637 -1.723169245195151 -0.0473741147116072 0.8774667551635119 -1.065912907349907 -0.686599549609743 -3.310652341853889 -1.464712236718883 2.24713579465099 1.801949381890742 0.1883987647298992
 -0.03451598549859183 0.2278826210998137 0.7957143509643787 0.4037745044107636 -0.8696796102459428 0.2131424127265952 1.807235328074306 1.102529863921959 0.3398019981612801 0.2219496754139973 0.5148383077873359 0.5176031617902944 0.9472738277905732 1.293674541024274 0.9909377553727619 -1.517658623737583 0.6907763411344034 -0.7814330393649908 -0.3146007224346846 -0.05884347815520247 0.6904593126603014 -1.120799461938708 1.148056477065622 1.84848225168371 0.05060791776499741 -1.186582363960802 1.633050300715029 0.07881302174853597 -2.15119389885864 2.3219670280126 0.004025665747029306 -1.22361632782348 1.827931930947183 1.121160985144241 1.812954033111766
 0.8949238501693577 0.5799640626214921 0.3715364337230784 -0.2732084688269475 0.849766531985518 0.6551376746587345 -0.1351156716561074 2.657957643722336 -1.32894712209304 -0.4892009176604405 -1.612083958210238 0.2338199950891099 0.3001726794978349 -1.022140303387298 -0.1653907327045622 -0.6218519922743476 0.6988307062851221 -0.5256019824325521 -0.08921815326376119 -0.2182162850906496 0.4818938492973859 -0.1198316420094448 0.2318749791240778 -0.7238200520298781 0.510799677329662 0.9125029901808059 -0.7743340311275713 1.026466402666642 -0.2757960433936963 -0.9326456682973466 -0.3482843710630874 0.2075038865136477 -1.578000480439526 1.195465381151945 -1.780906600059558
 1.450493569393563 1.360217908495836 1.025380330066409 0.7224412827134208 1.013020597053804 1.10480310388029 2.006369679639964 4.426854922725323 0.200688358952562 0.3161495627418547 0.8267738396620449 2.631571137164773 1.237205051695794 -0.1538622778127992 0.3390073119057291 0.3343432109916855 1.746045764131821 1.405023545092886 0.8218043025398853 0.5166721599518904 0.8368491357008172 -0.4758972736632306 1.69302182540881 1.489230500687691 0.7311941460610405 0.5373098398356088 0.4494082239462613 1.305962061704113 0.5078401249383875 1.195272809818213 -1.467130683384743 0.3669827781220243 1.177931765519491 3.270992914058126 0.190898570376822
 1.707621850006139 0.6597273392879905 0.5112806812907531 0.5959652564694866 -1.216513428485843 0.3818021209560044 0.5974351309300731 0.3136606636832497 0.05637622891385952 0.4170001640392897 -0.253841824794741 0.2254514217051359 -1.569560260511234 0.6069944564392115 0.5854712474129312 1.196301273034362 2.105582464048542 0.338071626606612 0.5133607709122512 -0.1507440951825417 1.435629981430125 -0.1535799142702777 0.0152434989889854 0.09048547940205612 1.143304595917639 -0.7698585264367946 -0.01596173150295924 -1.66396887042602 -0.02184474498202902 -1.082195431973119 -0.5776464575372163 -1.190109016188127 1.73510132438116 0.8983086219070755 -1.797393715180284
