correct =

     0   708   725   697   727   661   696   709   655   680
   708     0   702   696   725   695   698   683   699   637
   703   702     0   698   728   697   700   725   700   700
   688   696   700     0   700   662   672   697   670   653
   727   725   728   700     0   695   700   712   700   696
   661   695   698   662   695     0   670   677   642   656
   696   698   700   672   700   670     0   698   670   671
   709   683   725   697   712   677   698     0   700   691
   655   699   700   670   700   642   670   700     0   670
   680   637   700   653   696   656   671   691   670     0

wrong =

    0   19    2    2    0   37    3   18   44   19
   19    0   26    4    3    4    2   45    1   63
   24   26    0    2    0    2    0    3    0    0
   11    4    0    0    0    9    0    3    2   19
    0    3    0    0    0    4    0   16    0    4
   37    4    1    9    4    0    1   22   29   15
    3    2    0    0    0    1    0    2    2    1
   18   45    3    3   16   22    2    0    0    9
   44    1    0    2    0   29    2    0    0    2
   19   63    0   19    4   15    1    9    2    0

ans =

    NaN   0.97   1.00   1.00   1.00   0.95   1.00   0.98   0.94   0.97
   0.97    NaN   0.96   0.99   1.00   0.99   1.00   0.94   1.00   0.91
   0.97   0.96    NaN   1.00   1.00   1.00   1.00   1.00   1.00   1.00
   0.98   0.99   1.00    NaN   1.00   0.99   1.00   1.00   1.00   0.97
   1.00   1.00   1.00   1.00    NaN   0.99   1.00   0.98   1.00   0.99
   0.95   0.99   1.00   0.99   0.99    NaN   1.00   0.97   0.96   0.98
   1.00   1.00   1.00   1.00   1.00   1.00    NaN   1.00   1.00   1.00
   0.98   0.94   1.00   1.00   0.98   0.97   1.00    NaN   1.00   0.99
   0.94   1.00   1.00   1.00   1.00   0.96   1.00   1.00    NaN   1.00
   0.97   0.91   1.00   0.97   0.99   0.98   1.00   0.99   1.00    NaN

