mus =

   1.159   0.921   1.279   0.800   1.925   0.889   1.917   1.892   1.046   1.621

sigmas =

 Columns 1 through 8:

   0.0597   0.0828   0.0618   0.0966   0.0246   0.0863   0.0246   0.0249

 Columns 9 and 10:

   0.0699   0.0314

